20 92 71 68 95 79 22 88 86 50 63 21 88 94 82 42 54 20 65 46 36 79 54 94 96 46 49 33 94 96 13 79 90 29 18 95 46 7 26 62 18 94 15 91 86 97 10 2 30 91 51 89 51 18 51 81 30 39 4 31 51 26 39 51 78 74 11 48 16 76 57 32 99 69 94 40 53 46 73 14 78 16 60 94 12 60 48 15 86 17 27 15 28 31 36 99 33 17 42 14
1782
1963
1791
1287
1063
1222
1206
1329
1528
1238
1848
1858
1289
1586
772
1266
1242
1816
951
1693
1643
1497
1280
1760
1717
1212
1238
1259
1901
1022
818
1894
1972
1216
1973
1595
1324
1206
1136
1111
1670
1765
1517
762
2092
1279
1942
437
408
995
2101
2132
1100
1235
1036
1264
1275
1386
1652
1760
1308
812
1514
1197
1222
1907
1172
1137
1709
1150
1456
1519
1843
1085
1525
1668
981
1662
1216
1808
146
1098
1917
1492
1510
0