20 92 71 68 95 79 22 88 86 50 63 21 88 94 82 42 54 20 65 46 36 79 54 94 96 46 49 33 94 96 13 79 90 29 18 95 46 7 26 62 18 94 15 91 86 97 10 2 30 91 51 89 51 18 51 81 30 39 4 31 51 26 39 51 78 74 11 48 16 76 57 32 99 69 94 40 53 46 73 14 78 16 60 94 12 60 48 15 86 17 27 15 28 31 36 99 33 17 42 14
1782
1963
1791
1287
1063
1222
1206
1329
1528
1238
1848
1858
1289
1586
772
1266
1242
1816
951
1693
1643
1497
1280
1760
1717
1212
1238
1259
1901
1022
818
1894
1972
1216
1973
1595
1324
1206
1136
1111
1670
1765
1517
762
2092
1279
1942
437
408
995
2101
2132
1100
1235
1036
1264
1275
1386
1652
1760
1308
812
1514
1197
1222
1907
1172
1137
1709
1150
1456
1519
1843
1085
1525
1668
981
1662
1216
1808
146
1098
1917
1492
1510
0

27
27
29
29
29
31
31
31
33
33
34
34
34
34
35
35
35
35
35
36
36
36
36
36
37
37
37
37
37
38
39
39
39
39
39
40
40
40
40
40
40
41
41
41
41
41
41
42
43
43
43
44
44
44
44
45
45
46
47
47
48
49
49
50
50
51
52
52
54
54
55
57
58
59
69
77
89
89
90
90
95
99
108
116
123
0
148 155 156 156 157 157 158 159 159 159 160 160 160 161 161 161 161 161 161 162 162 162 162 162 162 163 163 163 163 163 163 163 163 163 164 164 164 164 164 164 164 164 164 164 164 164 164 164 164 164 165 165 165 165 165 165 165 165 165 165 165 165 165 165 165 166 166 166 166 166 166 166 166 167 167 167 167 167 167 167 167 167 167 167 167 167 167 168 168 168 168 168 168 168 168 168 168 169 169 169 169 169 169 169 169 169 169 169 169 169 169 169 170 170 170 170 170 170 170 170 170 170 170 170 170 170 170 171 171 171 171 171 171 171 171 171 171 171 172 172 172 172 172 172 172 172 172 172 172 172 173 173 173 173 173 173 173 173 173 174 174 174 174 174 174 175 175 175 175 175 175 176 176 176 176 176 176 176 176 176 176 177 178 178 178 178 179 179 179 180 180 180 181 181 182 183 184 185 186 187 190